3 1.03 -1.04 -4.03 -2.02 1.03 -3.03 -3.04 -0 -1.03 3.01 -1.04 2 -0 -3.04 -4.02 
-4 -1.01 0.01 2.02 -0.02 -4 0.02 -0 -0 -0.04 3 4.01 -2.04 -2.01 -0.03 -1.03 
1 2 -0.03 2.03 -3.03 -0.04 2.03 -0 -2.02 -4.03 2 3.04 -1 -4.02 -0.01 0.03 
-3 0 -0 -4.01 -3.03 -1.04 -1.02 4.04 2.04 -0.04 2.02 -3.04 -2 -0.01 -1 0.03 
3.01 -1.02 -3.04 4.01 -0.03 1.04 0.01 3.01 0.02 -2.04 -0.02 -0.03 0.04 -2.03 2 -0.02 
3.02 2 -0.02 -3.01 -1.03 3.04 4.04 -1.03 -2 -1.03 -3.01 2 -1.03 -2.01 3 -1.03 
4 2.01 -4.01 -2.04 2.02 -4.04 -1.03 0 0.03 4.04 4.01 3.03 2.04 2.02 1.04 -2.01 
-0.02 -1.02 -2.02 2.04 -2 -4.01 -4.03 -4.02 4.01 2.03 2 -2.03 0 2.02 0.01 -4.02 
-1.02 -4.03 -0.02 2.02 -3.04 -3.03 0.04 4.01 -0.03 -3.02 -2 4.04 3.01 1.03 -1.03 -4.03 
2.03 1 -2.02 4 1.02 0.03 -2.02 -4 4.04 4 4.03 -0.04 2.03 -4.04 -3.01 -2.03 
-2.01 1 -4.04 -0 1.01 3.01 -0 -4.04 2.04 -4.03 -0.03 4.04 -1 4 1.04 -2.02 
-3.03 -3.04 -3.04 -1.03 -3.03 0 2.03 -3.03 1.01 -1.03 0.03 -1.04 1.02 3.01 4.04 1.01 
3.03 1.01 -3 2.01 2.03 1.04 -1.01 3.01 -0.02 -3.04 3.02 -2 0.03 -0.02 3 1.03 
-4.04 4.04 4.01 -1 -1.03 2 -0.01 4.01 -2.01 -4.02 -2.03 -3.04 -0.03 0.04 1.03 0.02 
4.04 -3.04 -0.03 -4.02 4.01 -2.04 2.02 1.04 -4.01 -3.01 -0.02 4 -0.03 3.02 -1.04 -0.01 
-1.04 -0.02 -1.01 2.02 1.02 -4.01 3.03 2.04 -4.02 3.02 -3.03 0.04 -3 -3 3.01 -3.02 