0.01 -0.02 4 4.01 2.04 0.02 -3.01 3.04 0.03 0.03 -2 0 0.01 -1.02 -0.01 -0.01 
4 -0.03 2.01 -0.01 -3.04 -2.01 3.01 -2.02 2 -2 1.01 3.03 1 2.03 -1.01 2.03 
0.03 -4.01 4 3.04 -3.02 0 -0.01 -2 2.01 -1 -3.02 -1.02 4.03 -4.03 -4.03 2.03 
-0.04 1.03 4 1.01 -2.04 -2.02 -0.02 1.01 -4.03 1.02 -1.03 3.01 -0.02 -2 0 -1.04 
0 -3.01 -2.02 -2 2.02 2 4.02 4.04 1 -3.01 -2.03 0.02 -4.01 2.03 4.02 -4.04 
-2.01 4.02 -2.03 -0.01 3 2 0.02 -4.04 -1 -0.04 4.03 2.02 0 2 -0.03 -4.03 
4.03 3.02 4.01 2.01 0.03 1 -1.02 -0.02 2.02 -4.01 4.02 -3 -1.01 4.03 3.01 0.04 
-0.03 1.03 3.02 -1.03 -3 2.03 -2 3.04 -0 3 3.02 -3.04 -3.04 4.02 4.01 -0.03 
2 -3 -3 4 4.03 -4.04 0.02 -2.03 0.04 3 0.04 -3.02 -3.01 3.02 1.01 1.01 
2.03 -4 -2.03 -1.03 -0 -1.04 2.04 -1 3.01 0.04 -2.03 2.02 3.02 -2.03 -2.01 2.04 
-4.04 4 1 -2.02 1.01 -1.01 1.04 -3.03 -4.03 3 0.01 2 1.03 -3.03 4.04 -0.03 
-4.04 4.04 -2.04 -4.02 -0.04 -2.04 -2 1.01 0 -1.01 -0.02 -3.03 -3.01 -2.02 -2.02 -4.02 
-2.04 3.02 -4.03 -4.01 -3.01 2 1 1.04 3.01 -2.01 2.03 -2.03 1.04 -0.03 4.03 -3.03 
-0.01 -0.03 2.03 4 -3 3.02 -3.01 2.01 3 -2 1 -4 -4 3.04 -0 -2.03 
-2.03 -3.01 0.01 -2.03 2.01 -0 -2.04 4 4.02 -2 -2.04 0 -4 0.04 0.03 0.03 
0.02 -2.01 -3.03 0.02 2.01 -4.01 0 -1 -1.03 3 -1 -0.02 4.02 -0.02 -4.01 -2.01 