-6.08298e-05 3.0267 0.873787 -0.155303 3.0368 0.0206381 1.9546 3.99993 -0.0445467 0.00503989 -0.00341197 -7.0246e-05 0.873787 -0.0420447 0.884697 -0.0420447 
0.0206381 -6.08298e-05 -0.00341197 1.9546 -6.08298e-05 1.9763 -0.00352313 -0 -0.00496011 -0.0428679 1.96545 0 -0.158808 3.0368 -0.00330385 1.98713 
-0.00330385 1.9546 0.00503989 0 -0.157101 0.884697 -0.157966 -0.0193619 0 3.01659 1.98713 -0.00363739 0.873787 -0.014641 -0.00496011 -0.0193619 
-0.00984043 0.0101596 -0.155303 -0.0420447 -0.0437019 3.99993 4.02994 0.015359 -0 -0.0454023 0.841192 3.01659 0.841192 -0.014641 3.01659 -0.0445467 
0.0101596 -0.00984043 3.99993 1.9763 -0.014641 0.873787 4.00993 -0.00352313 -0.0420447 3.0267 0.884697 0.00503989 -0.0454023 0.884697 0.862899 0.873787 
-0.00319871 -0.0437019 -0.00984043 0.862899 4.00993 -6.69674e-05 0 -0.00496011 -0.00363739 0.00503989 0.852034 0.873787 0.873787 3.99993 3.0368 3.99993 
-0.0454023 0.862899 1.96545 -6.69674e-05 -0.0420447 3.00648 -0.0420447 0.015359 0.873787 -0.0420447 -0.00984043 -6.08298e-05 0.0101596 -0.157101 0.00503989 -0.0193619 
-6.38306e-05 -0.155303 0 -0 -0.0437019 4.00993 0.862899 1.9546 3.00648 -0.157966 0.862899 -0.156213 0 0 1.9763 -0.0193619 
3.99993 -0.156213 4.02994 0.852034 -0.0428679 1.99796 -0.157966 3.0368 0.00503989 -6.69674e-05 0.015359 0.884697 2.99636 -0.157966 0 4.01994 
-0.0193619 0.0206381 -0.00363739 -0.0193619 -0.157966 -0.0428679 4.00993 -0.158808 -7.0246e-05 0.852034 -0.157966 0.0101596 0.0101596 -0.157101 3.99993 0.862899 
3.0267 -0.0420447 -0.0420447 -0.00363739 4.02994 0.00503989 0.852034 1.98713 -0.00984043 -0.0454023 3.99993 4.01994 3.01659 2.99636 -0.00496011 -0.157101 
3.0267 0.015359 0.873787 4.01994 4.02994 0.0101596 0.862899 -0.00496011 -6.69674e-05 4.03994 1.9763 0.884697 -6.38306e-05 -0.00496011 4.01994 -6.08298e-05 
3.0368 0.852034 3.99993 4.00993 2.99636 0.862899 3.0267 -6.08298e-05 -0.156213 -0.0420447 1.99796 3.99993 -0.00496011 0.873787 4.00993 3.0368 
-6.08298e-05 -0.157101 -0 -0.00319871 -0.156213 -0 -0 -0.00330385 -0.0193619 -7.0246e-05 0.0206381 0.862899 0.0101596 0.0101596 -0 -0 
4.02994 -0.0428679 -0.00363739 0.0206381 4.00993 3.01659 2.99636 -0.00341197 3.01659 -0.0437019 -0.0420447 -0.00496011 -0.157101 -0.157101 -6.08298e-05 1.98713 
-0.00352313 -0.0420447 1.9546 1.9763 0.00503989 -0.157966 -0.00984043 1.96545 -0.0437019 4.03994 -6.08298e-05 0.0101596 1.99796 0.015359 0.0206381 -0.00984043 